1.305000000000000000e+03 2.010000000000000000e+03 1.668000000000000000e+03 3.009000000000000000e+03 2.264000000000000000e+03 2.494000000000000000e+03 3.270000000000000000e+03 2.010000000000000000e+03 2.674000000000000000e+03 1.058000000000000000e+03
0.000000000000000000e+00 0.000000000000000000e+00 0.000000000000000000e+00 0.000000000000000000e+00 0.000000000000000000e+00 0.000000000000000000e+00 0.000000000000000000e+00 0.000000000000000000e+00 0.000000000000000000e+00 0.000000000000000000e+00
8.260000000000000000e+02 1.420000000000000000e+02 0.000000000000000000e+00 1.804000000000000000e+03 2.084000000000000000e+03 1.804000000000000000e+03 1.804000000000000000e+03 0.000000000000000000e+00 2.350000000000000000e+02 1.804000000000000000e+03
3.368000000000000000e+03 2.124000000000000000e+03 4.580000000000000000e+02 5.300000000000000000e+02 4.430000000000000000e+02 1.204000000000000000e+03 2.524000000000000000e+03 4.580000000000000000e+02 3.451000000000000000e+03 3.292000000000000000e+03
2.265000000000000000e+03 1.468000000000000000e+03 2.265000000000000000e+03 2.395000000000000000e+03 1.687000000000000000e+03 1.687000000000000000e+03 3.085000000000000000e+03 1.468000000000000000e+03 3.650000000000000000e+02 2.395000000000000000e+03
8.000000000000000000e+01 3.702000000000000000e+03 1.005000000000000000e+03 8.000000000000000000e+01 8.000000000000000000e+01 3.692000000000000000e+03 3.645000000000000000e+03 2.038000000000000000e+03 3.702000000000000000e+03 2.861000000000000000e+03
2.265000000000000000e+03 3.183000000000000000e+03 1.016000000000000000e+03 1.000000000000000000e+00 3.436000000000000000e+03 6.090000000000000000e+02 2.550000000000000000e+03 3.583000000000000000e+03 3.056000000000000000e+03 3.013000000000000000e+03
3.326000000000000000e+03 1.860000000000000000e+03 1.640000000000000000e+02 3.326000000000000000e+03 3.326000000000000000e+03 1.980000000000000000e+02 8.000000000000000000e+01 1.172000000000000000e+03 1.860000000000000000e+03 1.613000000000000000e+03
0.000000000000000000e+00 0.000000000000000000e+00 0.000000000000000000e+00 0.000000000000000000e+00 0.000000000000000000e+00 0.000000000000000000e+00 0.000000000000000000e+00 0.000000000000000000e+00 0.000000000000000000e+00 0.000000000000000000e+00
0.000000000000000000e+00 0.000000000000000000e+00 0.000000000000000000e+00 0.000000000000000000e+00 0.000000000000000000e+00 0.000000000000000000e+00 0.000000000000000000e+00 0.000000000000000000e+00 0.000000000000000000e+00 0.000000000000000000e+00
0.000000000000000000e+00 0.000000000000000000e+00 0.000000000000000000e+00 0.000000000000000000e+00 0.000000000000000000e+00 0.000000000000000000e+00 0.000000000000000000e+00 0.000000000000000000e+00 0.000000000000000000e+00 0.000000000000000000e+00
0.000000000000000000e+00 0.000000000000000000e+00 0.000000000000000000e+00 0.000000000000000000e+00 0.000000000000000000e+00 0.000000000000000000e+00 0.000000000000000000e+00 0.000000000000000000e+00 0.000000000000000000e+00 0.000000000000000000e+00
0.000000000000000000e+00 3.377000000000000000e+03 3.368000000000000000e+03 0.000000000000000000e+00 3.086000000000000000e+03 1.500000000000000000e+01 0.000000000000000000e+00 0.000000000000000000e+00 0.000000000000000000e+00 0.000000000000000000e+00
0.000000000000000000e+00 4.180000000000000000e+02 5.190000000000000000e+02 3.742000000000000000e+03 5.190000000000000000e+02 1.000000000000000000e+00 0.000000000000000000e+00 1.000000000000000000e+00 5.190000000000000000e+02 0.000000000000000000e+00
0.000000000000000000e+00 0.000000000000000000e+00 0.000000000000000000e+00 0.000000000000000000e+00 0.000000000000000000e+00 0.000000000000000000e+00 0.000000000000000000e+00 0.000000000000000000e+00 0.000000000000000000e+00 0.000000000000000000e+00
0.000000000000000000e+00 0.000000000000000000e+00 0.000000000000000000e+00 0.000000000000000000e+00 0.000000000000000000e+00 0.000000000000000000e+00 0.000000000000000000e+00 0.000000000000000000e+00 0.000000000000000000e+00 0.000000000000000000e+00
3.180000000000000000e+02 2.770000000000000000e+03 0.000000000000000000e+00 3.992000000000000000e+03 0.000000000000000000e+00 0.000000000000000000e+00 1.000000000000000000e+00 0.000000000000000000e+00 2.252000000000000000e+03 0.000000000000000000e+00
0.000000000000000000e+00 0.000000000000000000e+00 0.000000000000000000e+00 0.000000000000000000e+00 0.000000000000000000e+00 0.000000000000000000e+00 0.000000000000000000e+00 0.000000000000000000e+00 0.000000000000000000e+00 0.000000000000000000e+00
0.000000000000000000e+00 0.000000000000000000e+00 0.000000000000000000e+00 0.000000000000000000e+00 0.000000000000000000e+00 0.000000000000000000e+00 0.000000000000000000e+00 0.000000000000000000e+00 0.000000000000000000e+00 0.000000000000000000e+00
0.000000000000000000e+00 0.000000000000000000e+00 0.000000000000000000e+00 0.000000000000000000e+00 0.000000000000000000e+00 0.000000000000000000e+00 0.000000000000000000e+00 0.000000000000000000e+00 0.000000000000000000e+00 0.000000000000000000e+00
0.000000000000000000e+00 1.817000000000000000e+03 0.000000000000000000e+00 2.029000000000000000e+03 1.652000000000000000e+03 0.000000000000000000e+00 1.570000000000000000e+03 0.000000000000000000e+00 0.000000000000000000e+00 2.676000000000000000e+03
0.000000000000000000e+00 0.000000000000000000e+00 0.000000000000000000e+00 0.000000000000000000e+00 0.000000000000000000e+00 0.000000000000000000e+00 0.000000000000000000e+00 0.000000000000000000e+00 0.000000000000000000e+00 0.000000000000000000e+00
0.000000000000000000e+00 0.000000000000000000e+00 0.000000000000000000e+00 0.000000000000000000e+00 0.000000000000000000e+00 0.000000000000000000e+00 0.000000000000000000e+00 0.000000000000000000e+00 0.000000000000000000e+00 0.000000000000000000e+00
2.372000000000000000e+03 0.000000000000000000e+00 3.248000000000000000e+03 1.374000000000000000e+03 0.000000000000000000e+00 2.684000000000000000e+03 0.000000000000000000e+00 1.440000000000000000e+02 0.000000000000000000e+00 0.000000000000000000e+00
0.000000000000000000e+00 0.000000000000000000e+00 0.000000000000000000e+00 0.000000000000000000e+00 0.000000000000000000e+00 0.000000000000000000e+00 0.000000000000000000e+00 0.000000000000000000e+00 0.000000000000000000e+00 0.000000000000000000e+00
2.372000000000000000e+03 0.000000000000000000e+00 2.570000000000000000e+03 1.491000000000000000e+03 0.000000000000000000e+00 2.757000000000000000e+03 0.000000000000000000e+00 1.540000000000000000e+02 2.372000000000000000e+03 0.000000000000000000e+00
3.154000000000000000e+03 6.580000000000000000e+02 0.000000000000000000e+00 5.660000000000000000e+02 3.400000000000000000e+01 0.000000000000000000e+00 0.000000000000000000e+00 0.000000000000000000e+00 2.700000000000000000e+01 0.000000000000000000e+00
0.000000000000000000e+00 1.009000000000000000e+03 3.625000000000000000e+03 3.632000000000000000e+03 0.000000000000000000e+00 2.391000000000000000e+03 0.000000000000000000e+00 5.500000000000000000e+01 6.780000000000000000e+02 3.651000000000000000e+03
0.000000000000000000e+00 0.000000000000000000e+00 0.000000000000000000e+00 0.000000000000000000e+00 0.000000000000000000e+00 0.000000000000000000e+00 0.000000000000000000e+00 0.000000000000000000e+00 0.000000000000000000e+00 0.000000000000000000e+00
0.000000000000000000e+00 0.000000000000000000e+00 0.000000000000000000e+00 0.000000000000000000e+00 0.000000000000000000e+00 0.000000000000000000e+00 0.000000000000000000e+00 0.000000000000000000e+00 0.000000000000000000e+00 0.000000000000000000e+00
0.000000000000000000e+00 0.000000000000000000e+00 0.000000000000000000e+00 0.000000000000000000e+00 0.000000000000000000e+00 0.000000000000000000e+00 0.000000000000000000e+00 0.000000000000000000e+00 0.000000000000000000e+00 0.000000000000000000e+00
0.000000000000000000e+00 0.000000000000000000e+00 0.000000000000000000e+00 0.000000000000000000e+00 0.000000000000000000e+00 0.000000000000000000e+00 0.000000000000000000e+00 0.000000000000000000e+00 0.000000000000000000e+00 0.000000000000000000e+00
2.947000000000000000e+03 0.000000000000000000e+00 0.000000000000000000e+00 1.381000000000000000e+03 1.605000000000000000e+03 3.745000000000000000e+03 2.626000000000000000e+03 3.304000000000000000e+03 0.000000000000000000e+00 0.000000000000000000e+00
0.000000000000000000e+00 0.000000000000000000e+00 0.000000000000000000e+00 0.000000000000000000e+00 0.000000000000000000e+00 0.000000000000000000e+00 0.000000000000000000e+00 0.000000000000000000e+00 0.000000000000000000e+00 0.000000000000000000e+00
1.453000000000000000e+03 0.000000000000000000e+00 3.450000000000000000e+03 1.699000000000000000e+03 1.912000000000000000e+03 0.000000000000000000e+00 0.000000000000000000e+00 0.000000000000000000e+00 1.502000000000000000e+03 6.000000000000000000e+00
0.000000000000000000e+00 0.000000000000000000e+00 0.000000000000000000e+00 0.000000000000000000e+00 0.000000000000000000e+00 0.000000000000000000e+00 0.000000000000000000e+00 0.000000000000000000e+00 0.000000000000000000e+00 0.000000000000000000e+00
0.000000000000000000e+00 0.000000000000000000e+00 0.000000000000000000e+00 0.000000000000000000e+00 0.000000000000000000e+00 0.000000000000000000e+00 0.000000000000000000e+00 0.000000000000000000e+00 0.000000000000000000e+00 0.000000000000000000e+00
1.534000000000000000e+03 1.567000000000000000e+03 0.000000000000000000e+00 1.221000000000000000e+03 3.200000000000000000e+01 1.926000000000000000e+03 1.733000000000000000e+03 1.733000000000000000e+03 0.000000000000000000e+00 1.940000000000000000e+02
0.000000000000000000e+00 0.000000000000000000e+00 0.000000000000000000e+00 0.000000000000000000e+00 0.000000000000000000e+00 0.000000000000000000e+00 0.000000000000000000e+00 0.000000000000000000e+00 0.000000000000000000e+00 0.000000000000000000e+00
0.000000000000000000e+00 0.000000000000000000e+00 0.000000000000000000e+00 0.000000000000000000e+00 0.000000000000000000e+00 0.000000000000000000e+00 0.000000000000000000e+00 0.000000000000000000e+00 0.000000000000000000e+00 0.000000000000000000e+00
