Batch: 0
[[[-4.04741620e+11 -1.70679153e+12 -8.93190144e+10 ... -7.32723282e+11
    1.01991291e+12 -3.83324881e+11]
  [-1.16834068e+12 -1.89589579e+12 -8.02057830e+10 ... -5.10103192e+11
    1.26700054e+12 -6.23598240e+11]
  [-6.77036294e+11 -1.48508705e+12 -2.02478387e+11 ... -2.42602885e+11
    8.97194590e+11 -3.12313774e+11]
  ...
  [-5.35743365e+11 -1.62687379e+12 -3.08633600e+09 ... -1.71345707e+11
    1.17026954e+12 -3.69004118e+11]
  [-5.66412640e+11 -1.70426184e+12  7.92115610e+10 ... -4.26923524e+11
    9.45563763e+11 -2.09877041e+11]
  [-2.78282502e+11 -1.70622085e+12 -5.56268257e+10 ... -4.49504346e+11
    1.14988286e+12 -6.41603338e+11]]

 [[-4.09152625e+12  4.48815694e+11  1.07327914e+12 ...  6.01015714e+11
   -8.00415495e+12 -7.91485612e+12]
  [-3.79432049e+12  4.80044122e+11  1.19559265e+12 ...  5.98237774e+11
   -7.76683913e+12 -7.39165497e+12]
  [-3.62269508e+12  1.01620882e+12  7.91425122e+11 ... -1.93594393e+11
   -5.46869241e+12 -5.54256774e+12]
  ...
  [-4.19426809e+12  7.09510824e+11  7.38571977e+11 ...  7.95462861e+10
   -8.01183734e+12 -8.10088294e+12]
  [-3.06706383e+12  7.43574602e+11  5.40041675e+11 ... -3.19445533e+11
   -5.86000315e+12 -5.80776834e+12]
  [-4.05549272e+12  9.32555522e+11  9.24145811e+11 ...  1.39505697e+11
   -7.48759653e+12 -7.19178328e+12]]

 [[ 6.96609669e+11  5.98833037e+11 -4.38554329e+11 ... -1.45500825e+12
    1.17292702e+12 -7.63072676e+10]
  [ 6.50832183e+11  1.78890441e+11 -2.63631471e+11 ... -1.18484710e+12
    9.46623676e+11 -7.92171643e+10]
  [ 8.41442591e+11  2.32832156e+11 -2.89569669e+11 ... -1.54507477e+12
    1.23645225e+12 -1.41061849e+11]
  ...
  [ 7.90609396e+11  4.61369377e+11 -1.80250575e+11 ... -1.52091073e+12
    1.31075198e+12 -1.78083594e+11]
  [ 7.82927462e+11  2.14116336e+11 -2.41354195e+11 ... -1.42703264e+12
    1.16673688e+12 -1.35368720e+11]
  [ 9.40366954e+11  2.69973012e+11 -3.46885915e+11 ... -1.77608799e+12
    1.34699785e+12 -1.93024066e+11]]

 ...

 [[ 2.49272966e+12  3.09314008e+12  1.88688158e+12 ... -1.09834266e+12
    5.76808944e+11  3.58645891e+11]
  [ 2.35454149e+12  3.33860307e+12  1.74519275e+12 ... -7.76579056e+11
    4.82448835e+11  2.79962583e+11]
  [ 2.01103062e+12  2.85510939e+12  1.54149808e+12 ... -5.46026357e+11
    3.95781439e+11  4.19120349e+11]
  ...
  [ 2.83608456e+12  3.46838401e+12  2.20057279e+12 ... -8.41032139e+11
   -1.03020708e+11  7.99395676e+11]
  [ 2.21112330e+12  2.65946608e+12  1.68962844e+12 ... -1.07844475e+12
    7.82861140e+11  4.23204487e+11]
  [ 2.61872288e+12  3.62717905e+12  2.37965541e+12 ... -9.76201187e+11
    5.27430025e+11 -3.68908435e+11]]

 [[-9.55971207e+11 -1.48899260e+12 -2.69985828e+12 ...  5.55213193e+11
   -1.58776387e+12  2.48571599e+12]
  [-1.21969181e+12 -1.90102910e+12 -3.16458900e+12 ...  7.60946098e+11
   -2.08916814e+12  2.63027845e+12]
  [-1.28412470e+12 -1.63652528e+12 -2.71089140e+12 ...  4.73671991e+11
   -1.79934567e+12  2.10448653e+12]
  ...
  [-1.42165462e+12 -1.89572920e+12 -3.43243201e+12 ...  6.07992152e+11
   -2.18369465e+12  2.67940738e+12]
  [-1.34602818e+12 -1.72630698e+12 -3.01630856e+12 ...  5.91007973e+11
   -2.01671757e+12  2.62497921e+12]
  [-1.35615716e+12 -1.85534697e+12 -2.98539654e+12 ...  6.50398663e+11
   -1.85654942e+12  2.67130582e+12]]

 [[-3.19722619e+12  3.20291471e+11  9.67345897e+11 ... -4.31248454e+12
    2.22359742e+12  2.94154771e+12]
  [-3.20672786e+12  6.80084111e+10  1.08423755e+12 ... -4.50326063e+12
    2.07402553e+12  3.16874424e+12]
  [-3.91748728e+12  5.46124595e+09  1.99137205e+12 ... -3.68515141e+12
    2.03943956e+12  2.79341800e+12]
  ...
  [-3.63692478e+12  4.34393580e+11  1.31485886e+12 ... -4.55197799e+12
    2.24277797e+12  3.31858811e+12]
  [-3.92321512e+12 -2.09056694e+11  1.70307210e+12 ... -4.60918463e+12
    2.12123517e+12  3.28113639e+12]
  [-4.05550059e+12 -3.76803688e+11  2.16350196e+12 ... -4.43770208e+12
    2.26202380e+12  3.31557529e+12]]]
[[0. 0. 0. ... 0. 0. 0.]
 [1. 0. 0. ... 0. 0. 0.]
 [0. 0. 0. ... 0. 0. 0.]
 ...
 [0. 0. 0. ... 0. 0. 0.]
 [0. 0. 0. ... 0. 0. 1.]
 [0. 0. 0. ... 0. 0. 0.]]
Batch: 1
[[[-2.8722135e+09  2.6311901e+10  3.0297467e+10 ... -9.3177446e+08
   -3.7846077e+09  6.1855048e+10]
  [ 1.3487493e+09  1.0770473e+10  2.4997601e+10 ... -2.5439019e+10
   -1.9772178e+10  3.8418313e+10]
  [-1.5777473e+10 -2.7474354e+10  4.2285335e+10 ... -6.4657719e+10
   -6.4333324e+10  8.2660458e+10]
  ...
  [-2.2586679e+10 -3.0520730e+10  2.1526319e+10 ... -2.0183175e+10
   -3.6102676e+10  4.9873629e+10]
  [ 1.0456019e+10  1.5155651e+09  3.9837741e+10 ... -4.7813890e+10
    6.6066432e+07  2.5610715e+10]
  [-1.2443163e+10 -1.5898269e+10  4.4789330e+10 ... -3.8752727e+10
   -3.8947303e+10  6.8105081e+10]]

 [[ 1.0701991e+11 -1.1216423e+11 -7.6399804e+10 ... -3.2796172e+10
    4.4187341e+10  2.8329603e+10]
  [ 1.9563623e+11 -1.8235517e+11 -5.8900644e+10 ... -7.6347269e+10
    4.9151279e+10 -8.1105797e+09]
  [ 1.9406125e+11 -2.1354552e+11 -1.1212613e+11 ... -7.5814838e+10
    5.3723886e+10  1.6206627e+10]
  ...
  [ 1.6726295e+11 -1.8170230e+11 -8.2965127e+10 ... -5.5674819e+10
    5.9290706e+10  1.2612125e+10]
  [ 1.6331293e+11 -1.7586851e+11 -8.1983365e+10 ... -5.8785882e+10
    5.1602354e+10  1.1036000e+10]
  [ 1.3949161e+11 -1.5898816e+11 -9.4771962e+10 ... -6.7259187e+10
    4.7854047e+10  9.2585001e+09]]

 [[-1.8285435e+10 -6.6597982e+10  1.7233296e+11 ...  1.0209709e+11
    5.5907545e+10 -1.3362049e+11]
  [-3.3710754e+10 -5.9214184e+10  1.4853289e+11 ...  1.5031681e+11
    6.8757602e+10 -1.4906499e+11]
  [-1.1073639e+11 -8.6155149e+10  2.7364442e+11 ...  2.1335097e+11
    1.6869245e+11 -1.4291804e+11]
  ...
  [ 4.3322737e+10 -1.1269051e+10  1.0923388e+11 ...  1.5143538e+11
    9.7616577e+10 -1.3143022e+11]
  [ 9.8375836e+10 -5.5966204e+10  9.4065918e+10 ...  1.3198039e+11
    8.5121114e+10 -8.5644902e+10]
  [ 3.3462116e+10 -3.8332789e+10  1.6855361e+11 ...  2.2968477e+11
    1.3280998e+11 -1.3841496e+11]]

 ...

 [[ 0.0000000e+00  0.0000000e+00  0.0000000e+00 ...  0.0000000e+00
   -5.5929089e+02 -5.6670957e+03]
  [ 0.0000000e+00  0.0000000e+00  0.0000000e+00 ...  0.0000000e+00
   -5.2952350e+02 -7.3847261e+03]
  [ 0.0000000e+00  2.4275494e+02  0.0000000e+00 ...  0.0000000e+00
   -1.0342894e+03 -1.4594461e+04]
  ...
  [ 0.0000000e+00  0.0000000e+00  0.0000000e+00 ...  0.0000000e+00
   -1.2650470e+03 -1.1606174e+04]
  [ 0.0000000e+00  0.0000000e+00  0.0000000e+00 ...  0.0000000e+00
   -1.0902699e+02 -3.9928379e+03]
  [ 0.0000000e+00  0.0000000e+00  0.0000000e+00 ...  0.0000000e+00
   -6.2048737e+02 -1.5384886e+04]]

 [[-1.3991137e+07  4.7622584e+05  1.1312346e-01 ... -4.3671181e+05
    1.6871390e+06  0.0000000e+00]
  [-1.3633939e+07  3.9149322e+05  1.1312346e-01 ... -4.3789778e+05
    1.1794024e+06  0.0000000e+00]
  [-1.4785719e+07  4.2707003e+05  1.1312346e-01 ... -4.4842678e+05
    7.9096675e+05  0.0000000e+00]
  ...
  [-1.4845646e+07  3.2529734e+05  1.1087541e+06 ... -4.8464038e+05
    0.0000000e+00  0.0000000e+00]
  [-1.4235337e+07  4.0180738e+05  1.1312346e-01 ... -4.1806544e+05
    1.0015333e+06  0.0000000e+00]
  [-1.5363081e+07  3.9632372e+05  1.6247345e+04 ... -4.7118056e+05
    6.4838606e+05  0.0000000e+00]]

 [[ 0.0000000e+00  1.5385318e+04  5.5848862e+05 ...  0.0000000e+00
    3.6545133e+04 -4.9945753e+05]
  [ 0.0000000e+00  5.3532289e+04  2.8655406e+05 ...  0.0000000e+00
    8.6731633e+04 -4.5488591e+05]
  [ 0.0000000e+00  5.2198668e+04  3.4912300e+05 ...  0.0000000e+00
    1.6225695e+05 -5.1900831e+05]
  ...
  [ 0.0000000e+00  6.3553789e+04  1.6096550e+05 ...  0.0000000e+00
    1.6077608e+05 -5.3790631e+05]
  [ 0.0000000e+00  3.6931543e+04  4.5452750e+05 ...  0.0000000e+00
    5.3894434e+04 -5.6809925e+05]
  [ 0.0000000e+00  2.1266982e+04  3.8660319e+05 ...  0.0000000e+00
    1.3242438e+05 -6.7835406e+05]]]
[[0. 0. 0. ... 1. 0. 0.]
 [0. 0. 0. ... 0. 0. 0.]
 [1. 0. 0. ... 0. 0. 0.]
 ...
 [0. 0. 0. ... 0. 0. 0.]
 [0. 0. 0. ... 0. 0. 0.]
 [0. 0. 0. ... 0. 0. 0.]]
